   8.4000000e-01  -2.1600000e-01
   8.4000000e-01  -1.6200000e-01
   8.4000000e-01  -1.0800000e-01
   8.4000000e-01  -5.4000000e-02
   8.4000000e-01   0.0000000e+00
   8.4000000e-01   5.4000000e-02
   8.4000000e-01   1.0800000e-01
   8.4000000e-01   1.6200000e-01
   8.4000000e-01   2.1600000e-01
   7.9350000e-01   2.5500000e-01
   7.3650000e-01   2.5500000e-01
   6.7950000e-01   2.5500000e-01
   6.2250000e-01   2.5500000e-01
   5.6550000e-01   2.5500000e-01
   5.0850000e-01   2.5500000e-01
   4.5150000e-01   2.5500000e-01
   4.0500000e-01  -2.1600000e-01
   4.0500000e-01  -1.6200000e-01
   4.0500000e-01  -1.0800000e-01
   4.0500000e-01  -5.4000000e-02
   4.0500000e-01   0.0000000e+00
   4.0500000e-01   5.4000000e-02
   4.0500000e-01   1.0800000e-01
   4.0500000e-01   1.6200000e-01
   4.0500000e-01   2.1600000e-01
   4.5150000e-01  -2.5500000e-01
   5.0850000e-01  -2.5500000e-01
   5.6550000e-01  -2.5500000e-01
   6.2250000e-01  -2.5500000e-01
   6.7950000e-01  -2.5500000e-01
   7.3650000e-01  -2.5500000e-01
   7.9350000e-01  -2.5500000e-01
