   8.5500000e-01  -2.7700000e-01
   8.5500000e-01  -2.1600000e-01
   8.5500000e-01  -1.6200000e-01
   8.5500000e-01  -1.0800000e-01
   8.5500000e-01  -5.4000000e-02
   8.5500000e-01   0.0000000e+00
   8.5500000e-01   5.4000000e-02
   8.5500000e-01   1.0800000e-01
   8.5500000e-01   1.6200000e-01
   8.5500000e-01   2.1600000e-01
   8.5500000e-01   2.7700000e-01
   7.9350000e-01   2.7700000e-01
   7.3650000e-01   2.7700000e-01
   6.7950000e-01   2.7700000e-01
   6.2250000e-01   2.7700000e-01
   5.6550000e-01   2.7700000e-01
   5.0850000e-01   2.7700000e-01
   4.5150000e-01   2.7700000e-01
   3.9000000e-01  -2.7700000e-01
   3.9000000e-01  -2.1600000e-01
   3.9000000e-01  -1.6200000e-01
   3.9000000e-01  -1.0800000e-01
   3.9000000e-01  -5.4000000e-02
   3.9000000e-01   0.0000000e+00
   3.9000000e-01   5.4000000e-02
   3.9000000e-01   1.0800000e-01
   3.9000000e-01   1.6200000e-01
   3.9000000e-01   2.1600000e-01
   3.9000000e-01   2.7700000e-01
   4.5150000e-01  -2.7700000e-01
   5.0850000e-01  -2.7700000e-01
   5.6550000e-01  -2.7700000e-01
   6.2250000e-01  -2.7700000e-01
   6.7950000e-01  -2.7700000e-01
   7.3650000e-01  -2.7700000e-01
   7.9350000e-01  -2.7700000e-01
   8.2000000e-01   3.5250000e-01
   8.2000000e-01  -3.5250000e-01
   9.0500000e-01   1.3250000e-01
   9.0500000e-01  -1.3250000e-01
   4.5500000e-01  -4.0000000e-01
   3.5000000e-01  -3.3600000e-01
   3.5000000e-01  -2.4000000e-01
   3.5000000e-01  -1.4400000e-01
   3.5000000e-01  -4.8000000e-02
   3.5000000e-01   4.8000000e-02
   3.5000000e-01   1.4400000e-01
   3.5000000e-01   2.4000000e-01
   3.5000000e-01   3.3600000e-01
