   4.2075000e-01   2.7900000e-01
   4.8000000e-01   2.7900000e-01
   5.3700000e-01   2.7900000e-01
   5.9400000e-01   2.7900000e-01
   6.5100000e-01   2.7900000e-01
   7.0800000e-01   2.7900000e-01
   7.6500000e-01   2.7900000e-01
   8.2425000e-01   2.7900000e-01
             NaN             NaN
   4.2075000e-01  -2.7900000e-01
   4.8000000e-01  -2.7900000e-01
   5.3700000e-01  -2.7900000e-01
   5.9400000e-01  -2.7900000e-01
   6.5100000e-01  -2.7900000e-01
   7.0800000e-01  -2.7900000e-01
   7.6500000e-01  -2.7900000e-01
   8.2425000e-01  -2.7900000e-01
             NaN             NaN
   8.7500000e-01   0.0000000e+00