   3.9500000e-01  -2.7200000e-01
   3.9500000e-01   2.7200000e-01
   8.5000000e-01   2.7200000e-01
   8.5000000e-01  -2.7200000e-01
   3.9500000e-01  -2.7200000e-01
             NaN             NaN
   4.0000000e-01  -2.6000000e-01
   8.4500000e-01  -2.6000000e-01
   8.4500000e-01   2.6000000e-01
   4.0000000e-01   2.6000000e-01
   4.0000000e-01  -2.6000000e-01
             NaN             NaN
   4.2000000e-01  -2.4000000e-01
   4.2000000e-01   2.4000000e-01
   8.2500000e-01   2.4000000e-01
   8.2500000e-01  -2.4000000e-01
   4.2000000e-01  -2.4000000e-01
