   4.5523438e-01  -2.2366958e-02
   4.5530895e-01  -1.9140625e-02
   4.5540614e-01  -1.5312500e-02
   4.5551261e-01  -1.1484375e-02
   4.5562909e-01  -7.6562500e-03
   4.5575632e-01  -3.8281250e-03
   4.5589504e-01   0.0000000e+00
   4.5604602e-01   3.8281250e-03
   4.5621003e-01   7.6562500e-03
   4.5638789e-01   1.1484375e-02
   4.5658041e-01   1.5312500e-02
   4.5678846e-01   1.9140625e-02
   4.5701295e-01   2.2968750e-02
   4.5725483e-01   2.6796875e-02
   4.5751510e-01   3.0625000e-02
   4.5779486e-01   3.4453125e-02
   4.5809527e-01   3.8281250e-02
   4.5841757e-01   4.2109375e-02
   4.5843750e-01   4.2332082e-02
   4.5875960e-01   4.5937500e-02
   4.5912591e-01   4.9765625e-02
   4.5951831e-01   5.3593750e-02
   4.5993854e-01   5.7421875e-02
   4.6038852e-01   6.1250000e-02
   4.6087027e-01   6.5078125e-02
   4.6138605e-01   6.8906250e-02
   4.6164063e-01   7.0686923e-02
   4.6193495e-01   7.2734375e-02
   4.6251974e-01   7.6562500e-02
   4.6314614e-01   8.0390625e-02
   4.6381725e-01   8.4218750e-02
   4.6453644e-01   8.8046875e-02
   4.6484375e-01   8.9593324e-02
   4.6530221e-01   9.1875000e-02
   4.6611981e-01   9.5703125e-02
   4.6699697e-01   9.9531250e-02
   4.6793834e-01   1.0335938e-01
   4.6804687e-01   1.0378037e-01
   4.6893935e-01   1.0718750e-01
   4.7001354e-01   1.1101563e-01
   4.7116807e-01   1.1484375e-01
   4.7125000e-01   1.1510358e-01
   4.7239779e-01   1.1867187e-01
   4.7372035e-01   1.2250000e-01
   4.7445312e-01   1.2450095e-01
   4.7513785e-01   1.2632813e-01
   4.7665810e-01   1.3015625e-01
   4.7765625e-01   1.3251859e-01
   4.7829213e-01   1.3398437e-01
   4.8004696e-01   1.3781250e-01
   4.8085937e-01   1.3948805e-01
   4.8193484e-01   1.4164062e-01
   4.8397061e-01   1.4546875e-01
   4.8406250e-01   1.4563460e-01
   4.8616159e-01   1.4929687e-01
   4.8726562e-01   1.5111588e-01
   4.8853037e-01   1.5312500e-01
   4.9046875e-01   1.5604651e-01
   4.9109437e-01   1.5695312e-01
   4.9367187e-01   1.6051259e-01
   4.9387482e-01   1.6078125e-01
   4.9687500e-01   1.6458175e-01
   4.9689782e-01   1.6460938e-01
   5.0007813e-01   1.6830734e-01
   5.0019567e-01   1.6843750e-01
   5.0328125e-01   1.7173153e-01
   5.0380859e-01   1.7226563e-01
   5.0648437e-01   1.7488765e-01
   5.0778697e-01   1.7609375e-01
   5.0968750e-01   1.7780197e-01
   5.1219444e-01   1.7992188e-01
   5.1289063e-01   1.8049513e-01
   5.1609375e-01   1.8299417e-01
   5.1712216e-01   1.8375000e-01
   5.1929687e-01   1.8531371e-01
   5.2250000e-01   1.8745750e-01
   5.2268981e-01   1.8757813e-01
   5.2570313e-01   1.8945982e-01
   5.2890625e-01   1.9130378e-01
   5.2909425e-01   1.9140625e-01
   5.3210937e-01   1.9302770e-01
   5.3531250e-01   1.9461367e-01
   5.3665605e-01   1.9523437e-01
   5.3851563e-01   1.9608514e-01
   5.4171875e-01   1.9744480e-01
   5.4492188e-01   1.9868801e-01
   5.4596198e-01   1.9906250e-01
   5.4812500e-01   1.9983744e-01
   5.5132812e-01   2.0088954e-01
   5.5453125e-01   2.0184186e-01
   5.5773438e-01   2.0269928e-01
   5.5852043e-01   2.0289062e-01
   5.6093750e-01   2.0347935e-01
   5.6414062e-01   2.0417582e-01
   5.6734375e-01   2.0478793e-01
   5.7054688e-01   2.0531892e-01
   5.7375000e-01   2.0577172e-01
   5.7695312e-01   2.0614895e-01
   5.8015625e-01   2.0645300e-01
   5.8335938e-01   2.0668597e-01
   5.8399273e-01   2.0671875e-01
   5.8656250e-01   2.0685298e-01
   5.8976562e-01   2.0695159e-01
   5.9296875e-01   2.0698241e-01
   5.9617188e-01   2.0694668e-01
   5.9937500e-01   2.0684546e-01
   6.0181625e-01   2.0671875e-01
   6.0257812e-01   2.0668059e-01
   6.0578125e-01   2.0645652e-01
   6.0898438e-01   2.0617067e-01
   6.1218750e-01   2.0582345e-01
   6.1539062e-01   2.0541514e-01
   6.1859375e-01   2.0494589e-01
   6.2179688e-01   2.0441576e-01
   6.2500000e-01   2.0382471e-01
   6.2820312e-01   2.0317266e-01
   6.2946610e-01   2.0289062e-01
   6.3140625e-01   2.0246951e-01
   6.3460938e-01   2.0171263e-01
   6.3781250e-01   2.0089488e-01
   6.4101562e-01   2.0001584e-01
   6.4421875e-01   1.9907507e-01
   6.4425883e-01   1.9906250e-01
   6.4742188e-01   1.9809376e-01
   6.5062500e-01   1.9705052e-01
   6.5382812e-01   1.9594444e-01
   6.5577334e-01   1.9523437e-01
   6.5703125e-01   1.9478443e-01
   6.6023438e-01   1.9357557e-01
   6.6343750e-01   1.9230216e-01
   6.6558314e-01   1.9140625e-01
   6.6664062e-01   1.9097205e-01
   6.6984375e-01   1.8959350e-01
   6.7304688e-01   1.8814825e-01
   6.7425755e-01   1.8757813e-01
   6.7625000e-01   1.8665200e-01
   6.7945312e-01   1.8509736e-01
   6.8211369e-01   1.8375000e-01
   6.8265625e-01   1.8347802e-01
   6.8585938e-01   1.8181010e-01
   6.8906250e-01   1.8007103e-01
   6.8932815e-01   1.7992188e-01
   6.9226562e-01   1.7828264e-01
   6.9546875e-01   1.7642286e-01
   6.9601789e-01   1.7609375e-01
   6.9867188e-01   1.7450782e-01
   7.0187500e-01   1.7252077e-01
   7.0227457e-01   1.7226563e-01
   7.0507812e-01   1.7047475e-01
   7.0815441e-01   1.6843750e-01
   7.0828125e-01   1.6835327e-01
   7.1148437e-01   1.6616835e-01
   7.1369584e-01   1.6460938e-01
   7.1468750e-01   1.6390590e-01
   7.1789063e-01   1.6156881e-01
   7.1894163e-01   1.6078125e-01
   7.2109375e-01   1.5915244e-01
   7.2391468e-01   1.5695312e-01
   7.2429687e-01   1.5665135e-01
   7.2750000e-01   1.5406314e-01
   7.2863237e-01   1.5312500e-01
   7.3070313e-01   1.5138066e-01
   7.3311421e-01   1.4929687e-01
   7.3390625e-01   1.4859877e-01
   7.3710937e-01   1.4571008e-01
   7.3737210e-01   1.4546875e-01
   7.4031250e-01   1.4270247e-01
   7.4141734e-01   1.4164062e-01
   7.4351563e-01   1.3956832e-01
   7.4525833e-01   1.3781250e-01
   7.4671875e-01   1.3629515e-01
   7.4890207e-01   1.3398437e-01
   7.4992187e-01   1.3286720e-01
   7.5235494e-01   1.3015625e-01
   7.5312500e-01   1.2926465e-01
   7.5562254e-01   1.2632813e-01
   7.5632813e-01   1.2546243e-01
   7.5870968e-01   1.2250000e-01
   7.5953125e-01   1.2142879e-01
   7.6162027e-01   1.1867187e-01
   7.6273437e-01   1.1712327e-01
   7.6435731e-01   1.1484375e-01
   7.6593750e-01   1.1249388e-01
   7.6692290e-01   1.1101563e-01
   7.6914063e-01   1.0747326e-01
   7.6931827e-01   1.0718750e-01
   7.7155663e-01   1.0335938e-01
   7.7234375e-01   1.0191198e-01
   7.7363214e-01   9.9531250e-02
   7.7554124e-01   9.5703125e-02
   7.7554687e-01   9.5690950e-02
   7.7730875e-01   9.1875000e-02
   7.7875000e-01   8.8432319e-02
   7.7891121e-01   8.8046875e-02
   7.8037671e-01   8.4218750e-02
   7.8168496e-01   8.0390625e-02
   7.8195313e-01   7.9515602e-02
   7.8286011e-01   7.6562500e-02
   7.8389343e-01   7.2734375e-02
   7.8478551e-01   6.8906250e-02
   7.8515625e-01   6.7044619e-02
   7.8554993e-01   6.5078125e-02
   7.8618904e-01   6.1250000e-02
   7.8670010e-01   5.7421875e-02
   7.8708759e-01   5.3593750e-02
   7.8735558e-01   4.9765625e-02
   7.8750774e-01   4.5937500e-02
   7.8754730e-01   4.2109375e-02
   7.8747709e-01   3.8281250e-02
   7.8729955e-01   3.4453125e-02
   7.8701672e-01   3.0625000e-02
   7.8663032e-01   2.6796875e-02
   7.8614177e-01   2.2968750e-02
   7.8555221e-01   1.9140625e-02
   7.8515625e-01   1.6945766e-02
   7.8486789e-01   1.5312500e-02
   7.8409275e-01   1.1484375e-02
   7.8321970e-01   7.6562500e-03
   7.8224890e-01   3.8281250e-03
   7.8195313e-01   2.7681599e-03
   7.8119329e-01   0.0000000e+00
   7.8004558e-01  -3.8281250e-03
   7.7880043e-01  -7.6562500e-03
   7.7875000e-01  -7.8004140e-03
   7.7747718e-01  -1.1484375e-02
   7.7605669e-01  -1.5312500e-02
   7.7554687e-01  -1.6601240e-02
   7.7455194e-01  -1.9140625e-02
   7.7295541e-01  -2.2968750e-02
   7.7234375e-01  -2.4354547e-02
   7.7127310e-01  -2.6796875e-02
   7.6949814e-01  -3.0625000e-02
   7.6914063e-01  -3.1358912e-02
   7.6763944e-01  -3.4453125e-02
   7.6593750e-01  -3.7785934e-02
   7.6568514e-01  -3.8281250e-02
   7.6364591e-01  -4.2109375e-02
   7.6273437e-01  -4.3746256e-02
   7.6151370e-01  -4.5937500e-02
   7.5953125e-01  -4.9345621e-02
   7.5928643e-01  -4.9765625e-02
   7.5696916e-01  -5.3593750e-02
   7.5632813e-01  -5.4614310e-02
   7.5455656e-01  -5.7421875e-02
   7.5312500e-01  -5.9610482e-02
   7.5204589e-01  -6.1250000e-02
   7.4992187e-01  -6.4370064e-02
   7.4943604e-01  -6.5078125e-02
   7.4672548e-01  -6.8906250e-02
   7.4671875e-01  -6.8915507e-02
   7.4391326e-01  -7.2734375e-02
   7.4351563e-01  -7.3261163e-02
   7.4099477e-01  -7.6562500e-02
   7.4031250e-01  -7.7433957e-02
   7.3796740e-01  -8.0390625e-02
   7.3710937e-01  -8.1447962e-02
   7.3482820e-01  -8.4218750e-02
   7.3390625e-01  -8.5315593e-02
   7.3157391e-01  -8.8046875e-02
   7.3070313e-01  -8.9047769e-02
   7.2820098e-01  -9.1875000e-02
   7.2750000e-01  -9.2654055e-02
   7.2470570e-01  -9.5703125e-02
   7.2429687e-01  -9.6142807e-02
   7.2109375e-01  -9.9521313e-02
   7.2108415e-01  -9.9531250e-02
   7.1789063e-01  -1.0279731e-01
   7.1732891e-01  -1.0335938e-01
   7.1468750e-01  -1.0597661e-01
   7.1343718e-01  -1.0718750e-01
   7.1148437e-01  -1.0906405e-01
   7.0940466e-01  -1.1101563e-01
   7.0828125e-01  -1.1206372e-01
   7.0522734e-01  -1.1484375e-01
   7.0507812e-01  -1.1497906e-01
   7.0187500e-01  -1.1782017e-01
   7.0088940e-01  -1.1867187e-01
   6.9867188e-01  -1.2058594e-01
   6.9639326e-01  -1.2250000e-01
   6.9546875e-01  -1.2327719e-01
   6.9226562e-01  -1.2590022e-01
   6.9172912e-01  -1.2632813e-01
   6.8906250e-01  -1.2846234e-01
   6.8688305e-01  -1.3015625e-01
   6.8585938e-01  -1.3095612e-01
   6.8265625e-01  -1.3339019e-01
   6.8185165e-01  -1.3398437e-01
   6.7945312e-01  -1.3576990e-01
   6.7662317e-01  -1.3781250e-01
   6.7625000e-01  -1.3808449e-01
   6.7304688e-01  -1.4035451e-01
   6.7117404e-01  -1.4164062e-01
   6.6984375e-01  -1.4256557e-01
   6.6664062e-01  -1.4472565e-01
   6.6550347e-01  -1.4546875e-01
   6.6343750e-01  -1.4683923e-01
   6.6023438e-01  -1.4889693e-01
   6.5959144e-01  -1.4929687e-01
   6.5703125e-01  -1.5091774e-01
   6.5382812e-01  -1.5288001e-01
   6.5341465e-01  -1.5312500e-01
   6.5062500e-01  -1.5481156e-01
   6.4742188e-01  -1.5668472e-01
   6.4694672e-01  -1.5695312e-01
   6.4421875e-01  -1.5852942e-01
   6.4101562e-01  -1.6031920e-01
   6.4015868e-01  -1.6078125e-01
   6.3781250e-01  -1.6207848e-01
   6.3460938e-01  -1.6379004e-01
   6.3301996e-01  -1.6460938e-01
   6.3140625e-01  -1.6546450e-01
   6.2820312e-01  -1.6710245e-01
   6.2549999e-01  -1.6843750e-01
   6.2500000e-01  -1.6869195e-01
   6.2179688e-01  -1.7026040e-01
   6.1859375e-01  -1.7177657e-01
   6.1751884e-01  -1.7226563e-01
   6.1539062e-01  -1.7326674e-01
   6.1218750e-01  -1.7471917e-01
   6.0904957e-01  -1.7609375e-01
   6.0898438e-01  -1.7612335e-01
   6.0578125e-01  -1.7751507e-01
   6.0257812e-01  -1.7885974e-01
   5.9995268e-01  -1.7992188e-01
   5.9937500e-01  -1.8016489e-01
   5.9617188e-01  -1.8145331e-01
   5.9296875e-01  -1.8269755e-01
   5.9015695e-01  -1.8375000e-01
   5.8976562e-01  -1.8390284e-01
   5.8656250e-01  -1.8509460e-01
   5.8335938e-01  -1.8624484e-01
   5.8015625e-01  -1.8735460e-01
   5.7947716e-01  -1.8757813e-01
   5.7695312e-01  -1.8844915e-01
   5.7375000e-01  -1.8951097e-01
   5.7054688e-01  -1.9053465e-01
   5.6770961e-01  -1.9140625e-01
   5.6734375e-01  -1.9152453e-01
   5.6414062e-01  -1.9250267e-01
   5.6093750e-01  -1.9344482e-01
   5.5773438e-01  -1.9435184e-01
   5.5453125e-01  -1.9522463e-01
   5.5449300e-01  -1.9523437e-01
   5.5132812e-01  -1.9608869e-01
   5.4812500e-01  -1.9691973e-01
   5.4492188e-01  -1.9771823e-01
   5.4171875e-01  -1.9848495e-01
   5.3918529e-01  -1.9906250e-01
   5.3851563e-01  -1.9922542e-01
   5.3531250e-01  -1.9995216e-01
   5.3210937e-01  -2.0064852e-01
   5.2890625e-01  -2.0131509e-01
   5.2570313e-01  -2.0195248e-01
   5.2250000e-01  -2.0256124e-01
   5.2064512e-01  -2.0289062e-01
   5.1929687e-01  -2.0314970e-01
   5.1609375e-01  -2.0372004e-01
   5.1289063e-01  -2.0426252e-01
   5.0968750e-01  -2.0477750e-01
   5.0648437e-01  -2.0526530e-01
   5.0328125e-01  -2.0572617e-01
   5.0007813e-01  -2.0616030e-01
   4.9687500e-01  -2.0656777e-01
   4.9554187e-01  -2.0671875e-01
   4.9367187e-01  -2.0695625e-01
   4.9046875e-01  -2.0732230e-01
   4.8726562e-01  -2.0766054e-01
   4.8406250e-01  -2.0797027e-01
   4.8085937e-01  -2.0825038e-01
   4.7765625e-01  -2.0849898e-01
   4.7445312e-01  -2.0871284e-01
   4.7125000e-01  -2.0888614e-01
   4.6804687e-01  -2.0900735e-01
   4.6484375e-01  -2.0904997e-01
   4.6164063e-01  -2.0893701e-01
   4.5843750e-01  -2.0831003e-01
   4.5667285e-01  -2.0671875e-01
   4.5560424e-01  -2.0289062e-01
   4.5523438e-01  -1.9908569e-01
   4.5523295e-01  -1.9906250e-01
   4.5501758e-01  -1.9523437e-01
   4.5486409e-01  -1.9140625e-01
   4.5474416e-01  -1.8757813e-01
   4.5464580e-01  -1.8375000e-01
   4.5456304e-01  -1.7992188e-01
   4.5449254e-01  -1.7609375e-01
   4.5443226e-01  -1.7226563e-01
   4.5438083e-01  -1.6843750e-01
   4.5433734e-01  -1.6460938e-01
   4.5430106e-01  -1.6078125e-01
   4.5427143e-01  -1.5695312e-01
   4.5424799e-01  -1.5312500e-01
   4.5423030e-01  -1.4929687e-01
   4.5421798e-01  -1.4546875e-01
   4.5421064e-01  -1.4164062e-01
   4.5420790e-01  -1.3781250e-01
   4.5420941e-01  -1.3398437e-01
   4.5421478e-01  -1.3015625e-01
   4.5422365e-01  -1.2632813e-01
   4.5423566e-01  -1.2250000e-01
   4.5425046e-01  -1.1867187e-01
   4.5426771e-01  -1.1484375e-01
   4.5428710e-01  -1.1101563e-01
   4.5430833e-01  -1.0718750e-01
   4.5433115e-01  -1.0335938e-01
   4.5435532e-01  -9.9531250e-02
   4.5438067e-01  -9.5703125e-02
   4.5440706e-01  -9.1875000e-02
   4.5443439e-01  -8.8046875e-02
   4.5446264e-01  -8.4218750e-02
   4.5449181e-01  -8.0390625e-02
   4.5452198e-01  -7.6562500e-02
   4.5455329e-01  -7.2734375e-02
   4.5458593e-01  -6.8906250e-02
   4.5462013e-01  -6.5078125e-02
   4.5465620e-01  -6.1250000e-02
   4.5469450e-01  -5.7421875e-02
   4.5473543e-01  -5.3593750e-02
   4.5477944e-01  -4.9765625e-02
   4.5482703e-01  -4.5937500e-02
   4.5487874e-01  -4.2109375e-02
   4.5493515e-01  -3.8281250e-02
   4.5499685e-01  -3.4453125e-02
   4.5506449e-01  -3.0625000e-02
   4.5513871e-01  -2.6796875e-02
   4.5522020e-01  -2.2968750e-02
   4.5523438e-01  -2.2366958e-02
