   8.7500000e-01   1.0000000e-01
   8.7500000e-01  -1.0000000e-01
   NaN             NaN
   7.3000000e-01   2.4000000e-01
   8.2500000e-01   1.5000000e-01
   NaN             NaN
   7.3000000e-01  -2.4000000e-01
   8.2500000e-01  -1.5000000e-01
   NaN             NaN
   4.1250000e-01  -3.5000000e-02
   4.1250000e-01  -6.5000000e-02
   NaN             NaN
   4.1250000e-01   1.5000000e-02
   4.1250000e-01  -1.5000000e-02
   NaN             NaN
   4.1250000e-01   3.5000000e-02
   4.1250000e-01   6.5000000e-02