   3.0000000e-01   .7000000e-01
   3.0000000e-01  -.7000000e-01
   4.1000000e-01   .7000000e-01
   4.1000000e-01  -.7000000e-01
             NaN            NaN
   3.0500000e-01   .6950000e-01
   3.0500000e-01  -.6950000e-01
   4.1500000e-01   .6950000e-01
   4.1500000e-01  -.6950000e-01
             NaN            NaN
   3.0500000e-01   .6950000e-01
   3.0500000e-01  -.6950000e-01
   4.1500000e-01   .6950000e-01
   4.1500000e-01  -.6950000e-01
% r = 0.06;pos_bv_in = [0.161 0.265]; pos_bv_ex = [0.53 0.34]; p_central = 0.37;